2581 24.2799893434008
2710 919.916240941907
2853 853.847085833359
2987 235.043301964796
3091 515.354963694457
3135 318.679414404759
3520 136.726195529693
3555 982.814059299425
3614 740.143026252199
3719 1966.98173181407
3821 55.9654073027605
4283 457.661998280358
4757 866.261531359657
5301 2537.58467713672
6011 1431.34265717665
6040 90.058131406542
6066 288.410832499764
6754 1924.78647021701
6817 17.742038343043
7066 2217.16508675298
7166 46.2898907303689
7929 3019.318343433
7934 95.0974992690126
8397 3541.25592113529
8593 2296.64963660904
8891 1664.19456214337
9087 966.6987796189
9349 2390.01090978417
9471 544.812026376455
9532 555.973434283246
9747 381.508673463329
10319 796.722915814767
10323 753.502999753345
10367 2022.90979891045
10386 4310.20348509625
10596 2500.27507280812
10681 1638.99873688054
10793 642.035879559413
10832 263.849391547149
11113 2238.89850354263
11272 2801.94878174609
11288 1056.3551194306
11315 1573.09403356595
11518 6.78547784511417
11965 2099.42384892416
12523 1432.20827359012
12668 1039.30735433674
13127 1085.98926094792
13197 361.111116604391
13498 1624.19307311289
13517 2706.01152058763
13596 4349.81015553508
13729 4588.78131993935
13772 3897.8110574254
